0   12.74854504989882 
1   11.72052357039198 
2   11.425427866703785 
3   11.988639935510651 
4   12.539910511671463 
5   10.887758386269057 
6   10.951473428954694 
7   13.766564963280288 
8   12.167197927927372 
9   10.497986272133641 
10   13.618033952414965 
11   10.333814093627257 
12   11.78172648758625 
13   12.151852887227946 
14   11.095685927813522 
15   13.150771998613582 
16   4.030782827785174 
17   14.197685973241558 
18   7.003527367882766 
19   12.587846713822803 
20   12.035351400815218 
21   9.136784296614016 
22   10.559394940832606 
23   12.17779363821306 
24   11.512270890877451 
25   11.816316235085546 
26   13.710009518257262 
27   12.619601793240761 
28   11.12364891444233 
29   9.516993895510895 
30   11.531986767095749 
31   6.725252906788653 
32   12.473735088530955 
33   10.790034471641535 
34   12.445462673910924 
35   13.298427515634394 
36   11.931803206503137 
37   12.630983171757247 
38   12.043090934455215 
39   13.240810363840406 
40   6.357694738855593 
41   12.387546115384366 
42   11.015584825542952 
43   11.247448324947634 
